PS E:\Project\vscode\VFL> & D:/Code/Anaconda/envs/pytorch/python.exe e:/Project/vscode/VFL/VFL_original/VFL_original.py
XA: (426, 20)    XB: (426, 11)
Client_A successfully initialized.
Client_B successfully initialized.
Client_C successfully initialized.
epoch1 loss: 0.6931471805599453
A weight: [-0.01344534  0.00025601 -0.01327463 -0.01297515  0.00180721 -0.00717795
 -0.00658715 -0.00988148  0.00105678 -0.00145054 -0.0189851  -0.01171236
 -0.01914536 -0.01795411 -0.0100729  -0.01472498 -0.01671201 -0.01948999
 -0.01024718 -0.0078918 ]
B weight: [ 0.00657277 -0.01797004 -0.01090643 -0.01821939 -0.01741075 -0.00805349
 -0.01468751 -0.01708647 -0.01878245 -0.00761561  0.00134713]
Accuracy: 0.9231, F1-score: 0.9379
epoch2 loss: 0.5982790394587978
A weight: [-0.0244685   0.00057313 -0.02408175 -0.02352994  0.00352892 -0.01262893
 -0.01157258 -0.01782182  0.00220466 -0.00208432 -0.03506371 -0.02196785
 -0.03530388 -0.03305455 -0.0187142  -0.0270116  -0.03071708 -0.03597805
 -0.01910923 -0.01440912]
B weight: [ 0.01305567 -0.03310666 -0.02035094 -0.03353322 -0.03198263 -0.0146251
 -0.02666847 -0.03118135 -0.03446304 -0.01381373  0.00295863]
Accuracy: 0.9231, F1-score: 0.9379
epoch3 loss: 0.5315927327570104
A weight: [-0.03348079  0.00092967 -0.03284123 -0.03207142  0.00515787 -0.01666745
 -0.01524871 -0.02416637  0.00340681 -0.00206876 -0.0487096  -0.03099519
 -0.04896415 -0.04576777 -0.02616324 -0.0372707  -0.04247047 -0.04996252
 -0.02681367 -0.01979379]
B weight: [ 0.01944992 -0.04587304 -0.02856696 -0.04641806 -0.0441815  -0.01997374
 -0.0364078  -0.04279364 -0.04756198 -0.01884263  0.00476386]
Accuracy: 0.9231, F1-score: 0.9379
epoch4 loss: 0.484491617382239
A weight: [-0.04082441  0.00130835 -0.03990227 -0.03893846  0.00668941 -0.01955368
 -0.01785744 -0.02920131  0.0046339  -0.00154137 -0.06031785 -0.03898523
 -0.06053352 -0.05648274 -0.03261877 -0.04584366 -0.05235066 -0.06185817
 -0.03354965 -0.02424601]
B weight: [ 0.02575673 -0.05665541 -0.03574914 -0.05727119 -0.05439578 -0.02431398
 -0.0442915  -0.05234637 -0.05851208 -0.02290801  0.0067058 ]
Accuracy: 0.9231, F1-score: 0.9379
epoch5 loss: 0.4510183500894874
A weight: [-0.04678402  0.00169551 -0.04555535 -0.04441322  0.00812091 -0.0215027
 -0.01959878 -0.03316371  0.00586273 -0.00061487 -0.07021801 -0.04609732
 -0.07035166 -0.06552385 -0.03824579 -0.0530142  -0.06067228 -0.07201024
 -0.03947446 -0.02793139]
B weight: [ 0.03197731 -0.06577593 -0.04205983 -0.06642388 -0.06294937 -0.02782355
 -0.05063999 -0.06019105 -0.06767342 -0.02618026  0.00873868]
Accuracy: 0.9231, F1-score: 0.9379
epoch6 loss: 0.42704277620949394
A weight: [-0.0515964   0.00208045 -0.05004204 -0.04873066  0.00945142 -0.02269216
 -0.02063789 -0.03624982  0.00707514  0.0006185  -0.07868509 -0.05246452
 -0.07870188 -0.07316178 -0.04318131 -0.05901804 -0.06769692 -0.08070612
 -0.04471888 -0.03098687]
B weight: [ 0.03811284 -0.07350339 -0.04763453 -0.07415243 -0.07011244 -0.0306496
 -0.0557192  -0.06661977 -0.07534561 -0.02880039  0.01082596]
Accuracy: 0.9231, F1-score: 0.9379
epoch7 loss: 0.40969993177086983
A weight: [-0.05545852  0.00245492 -0.05356324 -0.05208642  0.01068125 -0.02326863
 -0.02111112 -0.038622    0.0082571   0.00208348 -0.08594863 -0.05819807
 -0.08582062 -0.07962243 -0.04753903 -0.06405106 -0.073642   -0.08818509
 -0.04939167 -0.03352562]
B weight: [ 0.04416446 -0.08006214 -0.05258634 -0.08068737 -0.07611045 -0.0329139
 -0.05974976 -0.07187518 -0.08177791 -0.03088508  0.01293867]
Accuracy: 0.9231, F1-score: 0.9379
epoch8 loss: 0.39700109835792463
A weight: [-0.05853421  0.00281262 -0.05628601 -0.05464348  0.01181171 -0.02335295
 -0.02113084 -0.04041448  0.00939793  0.0037188  -0.09220034 -0.063391
 -0.09190521 -0.08509441 -0.05141333 -0.06827598 -0.07868828 -0.09464639
 -0.05358328 -0.03564106]
B weight: [ 0.05013334 -0.08563951 -0.05700975 -0.08622109 -0.08113158 -0.03471717
 -0.06291469 -0.07615884 -0.08717775 -0.0325308   0.01505403]
Accuracy: 0.9231, F1-score: 0.9379
epoch9 loss: 0.38756459706270013
A weight: [-0.06095973  0.00314888 -0.05834926 -0.05653755  0.01284488 -0.02304462
 -0.02078957 -0.04173815  0.0104897   0.00547477 -0.09760038 -0.06812115
 -0.09712044 -0.08973527 -0.05488254 -0.07182798 -0.082986   -0.10025596
 -0.05736897 -0.03741029]
B weight: [ 0.0560206  -0.09039199 -0.06098373 -0.09091427 -0.08533298 -0.03614263
 -0.06536573 -0.07963815 -0.09171773 -0.03381725  0.01715434]
Accuracy: 0.9301, F1-score: 0.9438
epoch10 loss: 0.3804294363721142
A weight: [-0.0628484   0.00346034 -0.0598685  -0.05788168  0.01378341 -0.02242542
 -0.02016339 -0.04268449  0.01152669  0.00731124 -0.10228265 -0.07245375
 -0.10160402 -0.09367669 -0.05801167 -0.07481938 -0.08666005 -0.10515202
 -0.06081134 -0.03889682]
B weight: [ 0.06182736 -0.09445038 -0.06457434 -0.0949011  -0.08884593 -0.03725902
 -0.06722869 -0.08245212 -0.09554148 -0.03481023  0.01922601]
Accuracy: 0.9301, F1-score: 0.9438
All process done.